151
0 1 0 0 0 1 1 0 0.753499985 0.753499985 0 0 0 0 0 0 1 0 0 0 1 1 0 0 0 8739 0 0 0.0096121002 1 0 0 0 0 1 0 0 0 0
0 1 0 0 0 1 1 0 0.753499985 0.753499985 0 0 0 0 0 0 1 0 0 0 1 1 0 0 0 8739 0 0 0.0096121002 1 0 0 0 0 1 0 0 0 0
0 1 0 0 0 1 1 0 0.999000013 0.999000013 0 0 0 0 0 0 1 0 0 0 1 1 0 0 0 8739 0 0 0.0096121002 1 0 0 0 1 0 0 0 0 0
0 1 0 0 0 1 1 0 0.00100000005 0.00100000005 0 0 0 0 0 0 1 0 0 0 1 1 0 0 0 8739 0 0 0.0096121002 1 0 0 0 0 1 0 0 0 0
0 1 0 0 0 1 1 0 0.995999992 0.995999992 0 0 0 0 0 0 1 0 0 0 1 1 0 0 0 8739 0 0 0.0096121002 1 0 0 0 0 1 0 0 0 0
0 1 0 0 0 1 1 0 0.999000013 0.999000013 0 0 0 0 0 0 1 0 0 0 1 1 0 0 0 8739 0 0 0.0096121002 1 0 0 0 0 1 0 0 0 0
0 1 0 0 0 1 1 0 0.753499985 0.753499985 0 0 0 0 0 0 1 0 0 0 1 1 0 0 0 8739 0 0 0.0096121002 1 0 0 0 1 0 0 0 0 0
0 1 0 0 0 1 1 0 0.2465 0.2465 0 0 0 0 0 0 1 0 0 0 1 1 0 0 0 8739 0 0 0.0096121002 1 0 0 0 0 1 0 0 0 0
0 1 0 0 0 1 1 0 0.0189999994 0.0189999994 0 0 0 0 0 0 1 0 0 0 1 1 0 0 0 8739 0 0 0.0096121002 1 0 0 0 0 1 0 0 0 0
0 1 0 0 0 1 1 0 0.999000013 0.999000013 0 0 0 0 0 0 1 0 0 0 1 1 0 0 0 8739 0 0 0.0096121002 1 0 0 0 0 1 0 0 0 0
0 1 0 0 0 1 1 0 0.00100000005 0.00100000005 0 0 0 0 0 0 1 0 0 0 1 1 0 0 0 8739 0 0 0.0096121002 1 0 0 0 0 1 0 0 0 0
0 1 0 0 0 1 1 0 0.00100000005 0.00100000005 0 0 0 0 0 0 1 0 0 0 1 1 0 0 0 8739 0 0 0.0096121002 1 0 0 0 0 1 0 0 0 0
0 1 0 0 0 1 1 0 0.999000013 0.999000013 0 0 0 0 0 0 1 0 0 0 1 1 0 0 0 8739 0 0 0.0096121002 1 0 0 0 0 1 0 0 0 0
0 1 0 0 0 1 1 0 0.00100000005 0.00100000005 0 0 0 0 0 0 1 0 0 0 1 1 0 0 0 8739 0 0 0.0096121002 1 0 0 0 0 1 0 0 0 0
0 1 0 0 0 1 1 0 0.999000013 0.999000013 0 0 0 0 0 0 1 0 0 0 1 1 0 0 0 8739 0 0 0.0096121002 1 0 0 0 0 1 0 0 0 0
0 1 0 0 0 1 1 0 0.00100000005 0.00100000005 0 0 0 0 0 0 1 0 0 0 1 1 0 0 0 8739 0 0 0.0096121002 1 0 0 0 1 0 0 0 0 0
0 1 0 0 0 1 1 0 0.999000013 0.999000013 0 0 0 0 0 0 1 0 0 0 1 1 0 0 0 8739 0 0 0.0096121002 1 0 0 0 0 1 0 0 0 0
0 1 0 0 0 1 1 0 0.2465 0.2465 0 0 0 0 0 0 1 0 0 0 1 1 0 0 0 8739 0 0 0.0096121002 1 0 0 0 1 0 0 0 0 0
0 1 0 0 0 1 1 0 0.999000013 0.999000013 0 0 0 0 0 0 1 0 0 0 1 1 0 0 0 8739 0 0 0.0096121002 1 0 0 0 0 1 0 0 0 0
0 1 0 0 0 1 1 0 0.00100000005 0.00100000005 0 0 0 0 0 0 1 0 0 0 1 1 0 0 0 8739 0 0 0.0096121002 1 0 0 0 0 1 0 0 0 0
0 1 0 0 0 1 1 0 0.999000013 0.999000013 0 0 0 0 0 0 1 0 0 0 1 1 0 0 0 8739 0 0 0.0096121002 1 0 0 0 0 1 0 0 0 0
0 1 0 0 0 1 1 0 0.753499985 0.753499985 0 0 0 0 0 0 1 0 0 0 1 1 0 0 0 8739 0 0 0.0096121002 1 0 0 0 1 0 0 0 0 0
0 1 0 0 0 1 1 0 0.998000026 0.998000026 0 0 0 0 0 0 1 0 0 0 1 1 0 0 0 8739 0 0 0.0096121002 1 0 0 0 0 1 0 0 0 0
0 1 0 0 0 1 1 0 0.998000026 0.998000026 0 0 0 0 0 0 1 0 0 0 1 1 0 0 0 8739 0 0 0.0096121002 1 0 0 0 0 1 0 0 0 0
0 1 0 0 0 1 1 0 0.999000013 0.999000013 0 0 0 0 0 0 1 0 0 0 1 1 0 0 0 8739 0 0 0.0096121002 1 0 0 0 0 1 0 0 0 0
0 1 0 0 0 1 1 0 0.753499985 0.753499985 0 0 0 0 0 0 1 0 0 0 1 1 0 0 0 8739 0 0 0.0096121002 1 0 0 0 1 0 0 0 0 0
0 1 0 0 0 1 1 0 0.00200000009 0.00200000009 0 0 0 0 0 0 1 0 0 0 1 1 0 0 0 8739 0 0 0.0096121002 1 0 0 0 0 1 0 0 0 0
0 1 0 0 0 1 1 0 0.999000013 0.999000013 0 0 0 0 0 0 1 0 0 0 1 1 0 0 0 8739 0 0 0.0096121002 1 0 0 0 0 1 0 0 0 0
0 1 0 0 0 1 1 0 0.2465 0.2465 0 0 0 0 0 0 1 0 0 0 1 1 0 0 0 8739 0 0 0.0096121002 1 0 0 0 1 0 0 0 0 0
0 1 0 0 0 1 1 0 0.00200000009 0.00200000009 0 0 0 0 0 0 1 0 0 0 1 1 0 0 0 8739 0 0 0.0096121002 1 0 0 0 0 1 0 0 0 0
0 1 0 0 0 1 1 0 0.00800000038 0.00800000038 0 0 0 0 0 0 1 0 0 0 1 1 0 0 0 8739 0 0 0.0096121002 1 0 0 0 1 0 0 0 0 0
0 1 0 0 0 1 1 0 0.00100000005 0.00100000005 0 0 0 0 0 0 1 0 0 0 1 1 0 0 0 8739 0 0 0.0096121002 1 0 0 0 0 1 0 0 0 0
0 1 0 0 0 1 1 0 0.00200000009 0.00200000009 0 0 0 0 0 0 1 0 0 0 1 1 0 0 0 8739 0 0 0.0096121002 1 0 0 0 1 0 0 0 0 0
0 1 0 0 0 1 1 0 0.998000026 0.998000026 0 0 0 0 0 0 1 0 0 0 1 1 0 0 0 8739 0 0 0.0096121002 1 0 0 0 0 1 0 0 0 0
0 1 0 0 0 1 1 0 0.999000013 0.999000013 0 0 0 0 0 0 1 0 0 0 1 1 0 0 0 8739 0 0 0.0096121002 1 0 0 0 0 1 0 0 0 0
0 1 0 0 0 1 1 0 0.00100000005 0.00100000005 0 0 0 0 0 0 1 0 0 0 1 1 0 0 0 8739 0 0 0.0096121002 1 0 0 0 1 0 0 0 0 0
0 1 0 0 0 1 1 0 0.2465 0.2465 0 0 0 0 0 0 1 0 0 0 1 1 0 0 0 8739 0 0 0.0096121002 1 0 0 0 1 0 0 0 0 0
0 1 0 0 0 1 1 0 0.998000026 0.998000026 0 0 0 0 0 0 1 0 0 0 1 1 0 0 0 8739 0 0 0.0096121002 1 0 0 0 1 0 0 0 0 0
0 1 0 0 0 1 1 0 0.999000013 0.999000013 0 0 0 0 0 0 1 0 0 0 1 1 0 0 0 8739 0 0 0.0096121002 1 0 0 0 0 1 0 0 0 0
0 1 0 0 0 1 1 0 0.00100000005 0.00100000005 0 0 0 0 0 0 1 0 0 0 1 1 0 0 0 8739 0 0 0.0096121002 1 0 0 0 0 1 0 0 0 0
0 1 0 0 0 1 1 0 0.753499985 0.753499985 0 0 0 0 0 0 1 0 0 0 1 1 0 0 0 8739 0 0 0.0096121002 1 0 0 0 0 1 0 0 0 0
0 1 0 0 0 1 1 0 0.0189999994 0.0189999994 0 0 0 0 0 0 1 0 0 0 1 1 0 0 0 8739 0 0 0.0096121002 1 0 0 0 1 0 0 0 0 0
0 1 0 0 0 1 1 0 0.999000013 0.999000013 0 0 0 0 0 0 1 0 0 0 1 1 0 0 0 8739 0 0 0.0096121002 1 0 0 0 0 1 0 0 0 0
0 1 0 0 0 1 1 0 0.998000026 0.998000026 0 0 0 0 0 0 1 0 0 0 1 1 0 0 0 8739 0 0 0.0096121002 1 0 0 0 0 1 0 0 0 0
0 1 0 0 0 1 1 0 0.753499985 0.753499985 0 0 0 0 0 0 1 0 0 0 1 1 0 0 0 8739 0 0 0.0096121002 1 0 0 0 0 1 0 0 0 0
0 1 0 0 0 1 1 0 0.00100000005 0.00100000005 0 0 0 0 0 0 1 0 0 0 1 1 0 0 0 8739 0 0 0.0096121002 1 0 0 0 0 1 0 0 0 0
0 1 0 0 0 1 1 0 0.00100000005 0.00100000005 0 0 0 0 0 0 1 0 0 0 1 1 0 0 0 8739 0 0 0.0096121002 1 0 0 0 0 1 0 0 0 0
0 1 0 0 0 1 1 0 0.753499985 0.753499985 0 0 0 0 0 0 1 0 0 0 1 1 0 0 0 8739 0 0 0.0096121002 1 0 0 0 0 1 0 0 0 0
0 1 0 0 0 1 1 0 0.999000013 0.999000013 0 0 0 0 0 0 1 0 0 0 1 1 0 0 0 8739 0 0 0.0096121002 1 0 0 0 0 1 0 0 0 0
0 1 0 0 0 1 1 0 0.00100000005 0.00100000005 0 0 0 0 0 0 1 0 0 0 1 1 0 0 0 8739 0 0 0.0096121002 1 0 0 0 0 1 0 0 0 0
0 1 0 0 0 1 1 0 0.998000026 0.998000026 0 0 0 0 0 0 1 0 0 0 1 1 0 0 0 8739 0 0 0.0096121002 1 0 0 0 0 1 0 0 0 0
0 1 0 0 0 1 1 0 0.00100000005 0.00100000005 0 0 0 0 0 0 1 0 0 0 1 1 0 0 0 8739 0 0 0.0096121002 1 0 0 0 0 1 0 0 0 0
0 1 0 0 0 1 1 0 0.2465 0.2465 0 0 0 0 0 0 1 0 0 0 1 1 0 0 0 8739 0 0 0.0096121002 1 0 0 0 1 0 0 0 0 0
0 1 0 0 0 1 1 0 0.2465 0.2465 0 0 0 0 0 0 1 0 0 0 1 1 0 0 0 8739 0 0 0.0096121002 1 0 0 0 0 1 0 0 0 0
0 1 0 0 0 1 1 0 0.00100000005 0.00100000005 0 0 0 0 0 0 1 0 0 0 1 1 0 0 0 8739 0 0 0.0096121002 1 0 0 0 0 1 0 0 0 0
0 1 0 0 0 1 1 0 0.999000013 0.999000013 0 0 0 0 0 0 1 0 0 0 1 1 0 0 0 8739 0 0 0.0096121002 1 0 0 0 0 1 0 0 0 0
0 1 0 0 0 1 1 0 0.00400000019 0.00400000019 0 0 0 0 0 0 1 0 0 0 1 1 0 0 0 8739 0 0 0.0096121002 1 0 0 0 0 1 0 0 0 0
0 1 0 0 0 1 1 0 0.981000006 0.981000006 0 0 0 0 0 0 1 0 0 0 1 1 0 0 0 8739 0 0 0.0096121002 1 0 0 0 0 1 0 0 0 0
0 1 0 0 0 1 1 0 0.753499985 0.753499985 0 0 0 0 0 0 1 0 0 0 1 1 0 0 0 8739 0 0 0.0096121002 1 0 0 0 0 1 0 0 0 0
0 1 0 0 0 1 1 0 0.00100000005 0.00100000005 0 0 0 0 0 0 1 0 0 0 1 1 0 0 0 8739 0 0 0.0096121002 1 0 0 0 0 1 0 0 0 0
0 1 0 0 0 1 1 0 0.00100000005 0.00100000005 0 0 0 0 0 0 1 0 0 0 1 1 0 0 0 8739 0 0 0.0096121002 1 0 0 0 0 1 0 0 0 0
0 1 0 0 0 1 1 0 0.00100000005 0.00100000005 0 0 0 0 0 0 1 0 0 0 1 1 0 0 0 8739 0 0 0.0096121002 1 0 0 0 0 1 0 0 0 0
0 1 0 0 0 1 1 0 0.999000013 0.999000013 0 0 0 0 0 0 1 0 0 0 1 1 0 0 0 8739 0 0 0.0096121002 1 0 0 0 0 1 0 0 0 0
0 1 0 0 0 1 1 0 0.00400000019 0.00400000019 0 0 0 0 0 0 1 0 0 0 1 1 0 0 0 8739 0 0 0.0096121002 1 0 0 0 0 1 0 0 0 0
0 1 0 0 0 1 1 0 0.00100000005 0.00100000005 0 0 0 0 0 0 1 0 0 0 1 1 0 0 0 8739 0 0 0.0096121002 1 0 0 0 0 1 0 0 0 0
0 1 0 0 0 1 1 0 0.999000013 0.999000013 0 0 0 0 0 0 1 0 0 0 1 1 0 0 0 8739 0 0 0.0096121002 1 0 0 0 0 1 0 0 0 0
0 1 0 0 0 1 1 0 0.981000006 0.981000006 0 0 0 0 0 0 1 0 0 0 1 1 0 0 0 8739 0 0 0.0096121002 1 0 0 0 0 1 0 0 0 0
0 1 0 0 0 1 1 0 0.998000026 0.998000026 0 0 0 0 0 0 1 0 0 0 1 1 0 0 0 8739 0 0 0.0096121002 1 0 0 0 0 1 0 0 0 0
0 1 0 0 0 1 1 0 0.981000006 0.981000006 0 0 0 0 0 0 1 0 0 0 1 1 0 0 0 8739 0 0 0.0096121002 1 0 0 0 0 1 0 0 0 0
0 1 0 0 0 1 1 0 0.999000013 0.999000013 0 0 0 0 0 0 1 0 0 0 1 1 0 0 0 8739 0 0 0.0096121002 1 0 0 0 0 1 0 0 0 0
0 1 0 0 0 1 1 0 0.999000013 0.999000013 0 0 0 0 0 0 1 0 0 0 1 1 0 0 0 8739 0 0 0.0096121002 1 0 0 0 0 1 0 0 0 0
0 1 0 0 0 1 1 0 0.998000026 0.998000026 0 0 0 0 0 0 1 0 0 0 1 1 0 0 0 8739 0 0 0.0096121002 1 0 0 0 0 1 0 0 0 0
0 1 0 0 0 1 1 0 0.00400000019 0.00400000019 0 0 0 0 0 0 1 0 0 0 1 1 0 0 0 8739 0 0 0.0096121002 1 0 0 0 0 1 0 0 0 0
0 1 0 0 0 1 1 0 0.00200000009 0.00200000009 0 0 0 0 0 0 1 0 0 0 1 1 0 0 0 8739 0 0 0.0096121002 1 0 0 0 0 1 0 0 0 0
0 1 0 0 0 1 1 0 0.00100000005 0.00100000005 0 0 0 0 0 0 1 0 0 0 1 1 0 0 0 8739 0 0 0.0096121002 1 0 0 0 0 1 0 0 0 0
0 1 0 0 0 1 1 0 0.999000013 0.999000013 0 0 0 0 0 0 1 0 0 0 1 1 0 0 0 8739 0 0 0.0096121002 1 0 0 0 0 1 0 0 0 0
0 1 0 0 0 1 1 0 0.00100000005 0.00100000005 0 0 0 0 0 0 1 0 0 0 1 1 0 0 0 8739 0 0 0.0096121002 1 0 0 0 0 1 0 0 0 0
0 1 0 0 0 1 1 0 0.753499985 0.753499985 0 0 0 0 0 0 1 0 0 0 1 1 0 0 0 8739 0 0 0.0096121002 1 0 0 0 0 1 0 0 0 0
0 1 0 0 0 1 1 0 0.999000013 0.999000013 0 0 0 0 0 0 1 0 0 0 1 1 0 0 0 8739 0 0 0.0096121002 1 0 0 0 0 1 0 0 0 0
0 1 0 0 0 1 1 0 0.00100000005 0.00100000005 0 0 0 0 0 0 1 0 0 0 1 1 0 0 0 8739 0 0 0.0096121002 1 0 0 0 0 1 0 0 0 0
0 1 0 0 0 1 1 0 0.2465 0.2465 0 0 0 0 0 0 1 0 0 0 1 1 0 0 0 8739 0 0 0.0096121002 1 0 0 0 0 1 0 0 0 0
0 1 0 0 0 1 1 0 0.995999992 0.995999992 0 0 0 0 0 0 1 0 0 0 1 1 0 0 0 8739 0 0 0.0096121002 1 0 0 0 0 1 0 0 0 0
0 1 0 0 0 1 1 0 0.00100000005 0.00100000005 0 0 0 0 0 0 1 0 0 0 1 1 0 0 0 8739 0 0 0.0096121002 1 0 0 0 0 1 0 0 0 0
0 1 0 0 0 1 1 0 0.999000013 0.999000013 0 0 0 0 0 0 1 0 0 0 1 1 0 0 0 8739 0 0 0.0096121002 1 0 0 0 0 1 0 0 0 0
0 1 0 0 0 1 1 0 0.999000013 0.999000013 0 0 0 0 0 0 1 0 0 0 1 1 0 0 0 8739 0 0 0.0096121002 1 0 0 0 0 1 0 0 0 0
0 1 0 0 0 1 1 0 0.996999979 0.996999979 0 0 0 0 0 0 1 0 0 0 1 1 0 0 0 8739 0 0 0.0096121002 1 0 0 0 0 1 0 0 0 0
0 1 0 0 0 1 1 0 0.2465 0.2465 0 0 0 0 0 0 1 0 0 0 1 1 0 0 0 8739 0 0 0.0096121002 1 0 0 0 0 1 0 0 0 0
0 1 0 0 0 1 1 0 0.00200000009 0.00200000009 0 0 0 0 0 0 1 0 0 0 1 1 0 0 0 8739 0 0 0.0096121002 1 0 0 0 1 0 0 0 0 0
0 1 0 0 0 1 1 0 0.00200000009 0.00200000009 0 0 0 0 0 0 1 0 0 0 1 1 0 0 0 8739 0 0 0.0096121002 1 0 0 0 0 1 0 0 0 0
0 1 0 0 0 1 1 0 0.999000013 0.999000013 0 0 0 0 0 0 1 0 0 0 1 1 0 0 0 8739 0 0 0.0096121002 1 0 0 0 0 1 0 0 0 0
0 1 0 0 0 1 1 0 0.999000013 0.999000013 0 0 0 0 0 0 1 0 0 0 1 1 0 0 0 8739 0 0 0.0096121002 1 0 0 0 0 1 0 0 0 0
0 1 0 0 0 1 1 0 0.00100000005 0.00100000005 0 0 0 0 0 0 1 0 0 0 1 1 0 0 0 8739 0 0 0.0096121002 1 0 0 0 0 1 0 0 0 0
0 1 0 0 0 1 1 0 0.2465 0.2465 0 0 0 0 0 0 1 0 0 0 1 1 0 0 0 8739 0 0 0.0096121002 1 0 0 0 0 1 0 0 0 0
0 1 0 0 0 1 1 0 0.981000006 0.981000006 0 0 0 0 0 0 1 0 0 0 1 1 0 0 0 8739 0 0 0.0096121002 1 0 0 0 1 0 0 0 0 0
0 1 0 0 0 1 1 0 0.753499985 0.753499985 0 0 0 0 0 0 1 0 0 0 1 1 0 0 0 8739 0 0 0.0096121002 1 0 0 0 0 1 0 0 0 0
0 1 0 0 0 1 1 0 0.998000026 0.998000026 0 0 0 0 0 0 1 0 0 0 1 1 0 0 0 8739 0 0 0.0096121002 1 0 0 0 1 0 0 0 0 0
0 1 0 0 0 1 1 0 0.998000026 0.998000026 0 0 0 0 0 0 1 0 0 0 1 1 0 0 0 8739 0 0 0.0096121002 1 0 0 0 0 1 0 0 0 0
0 1 0 0 0 1 1 0 0.00100000005 0.00100000005 0 0 0 0 0 0 1 0 0 0 1 1 0 0 0 8739 0 0 0.0096121002 1 0 0 0 0 1 0 0 0 0
0 1 0 0 0 1 1 0 0.999000013 0.999000013 0 0 0 0 0 0 1 0 0 0 1 1 0 0 0 8739 0 0 0.0096121002 1 0 0 0 0 1 0 0 0 0
0 1 0 0 0 1 1 0 0.00200000009 0.00200000009 0 0 0 0 0 0 1 0 0 0 1 1 0 0 0 8739 0 0 0.0096121002 1 0 0 0 0 1 0 0 0 0
0 1 0 0 0 1 1 0 0.2465 0.2465 0 0 0 0 0 0 1 0 0 0 1 1 0 0 0 8739 0 0 0.0096121002 1 0 0 0 0 1 0 0 0 0
0 1 0 0 0 1 1 0 0.981000006 0.981000006 0 0 0 0 0 0 1 0 0 0 1 1 0 0 0 8739 0 0 0.0096121002 1 0 0 0 0 1 0 0 0 0
0 1 0 0 0 1 1 0 0.999000013 0.999000013 0 0 0 0 0 0 1 0 0 0 1 1 0 0 0 8739 0 0 0.0096121002 1 0 0 0 0 1 0 0 0 0
0 1 0 0 0 1 1 0 0.998000026 0.998000026 0 0 0 0 0 0 1 0 0 0 1 1 0 0 0 8739 0 0 0.0096121002 1 0 0 0 0 1 0 0 0 0
0 1 0 0 0 1 1 0 0.00200000009 0.00200000009 0 0 0 0 0 0 1 0 0 0 1 1 0 0 0 8739 0 0 0.0096121002 1 0 0 0 1 0 0 0 0 0
0 1 0 0 0 1 1 0 0.2465 0.2465 0 0 0 0 0 0 1 0 0 0 1 1 0 0 0 8739 0 0 0.0096121002 1 0 0 0 0 1 0 0 0 0
0 1 0 0 0 1 1 0 0.991999984 0.991999984 0 0 0 0 0 0 1 0 0 0 1 1 0 0 0 8739 0 0 0.0096121002 1 0 0 0 1 0 0 0 0 0
0 1 0 0 0 1 1 0 0.995999992 0.995999992 0 0 0 0 0 0 1 0 0 0 1 1 0 0 0 8739 0 0 0.0096121002 1 0 0 0 1 0 0 0 0 0
0 1 0 0 0 1 1 0 0.753499985 0.753499985 0 0 0 0 0 0 1 0 0 0 1 1 0 0 0 8739 0 0 0.0096121002 1 0 0 0 1 0 0 0 0 0
0 1 0 0 0 1 1 0 0.998000026 0.998000026 0 0 0 0 0 0 1 0 0 0 1 1 0 0 0 8739 0 0 0.0096121002 1 0 0 0 0 1 0 0 0 0
0 1 0 0 0 1 1 0 0.995999992 0.995999992 0 0 0 0 0 0 1 0 0 0 1 1 0 0 0 8739 0 0 0.0096121002 1 0 0 0 0 1 0 0 0 0
0 1 0 0 0 1 1 0 0.00100000005 0.00100000005 0 0 0 0 0 0 1 0 0 0 1 1 0 0 0 8739 0 0 0.0096121002 1 0 0 0 0 1 0 0 0 0
0 1 0 0 0 1 1 0 0.00400000019 0.00400000019 0 0 0 0 0 0 1 0 0 0 1 1 0 0 0 8739 0 0 0.0096121002 1 0 0 0 0 1 0 0 0 0
0 1 0 0 0 1 1 0 0.00400000019 0.00400000019 0 0 0 0 0 0 1 0 0 0 1 1 0 0 0 8739 0 0 0.0096121002 1 0 0 0 0 1 0 0 0 0
0 1 0 0 0 1 1 0 0.00400000019 0.00400000019 0 0 0 0 0 0 1 0 0 0 1 1 0 0 0 8739 0 0 0.0096121002 1 0 0 0 0 1 0 0 0 0
0 1 0 0 0 1 1 0 0.998000026 0.998000026 0 0 0 0 0 0 1 0 0 0 1 1 0 0 0 8739 0 0 0.0096121002 1 0 0 0 1 0 0 0 0 0
0 1 0 0 0 1 1 0 0.00400000019 0.00400000019 0 0 0 0 0 0 1 0 0 0 1 1 0 0 0 8739 0 0 0.0096121002 1 0 0 0 1 0 0 0 0 0
0 1 0 0 0 1 1 0 0.2465 0.2465 0 0 0 0 0 0 1 0 0 0 1 1 0 0 0 8739 0 0 0.0096121002 1 0 0 0 1 0 0 0 0 0
0 1 0 0 0 1 1 0 0.00100000005 0.00100000005 0 0 0 0 0 0 1 0 0 0 1 1 0 0 0 8739 0 0 0.0096121002 1 0 0 0 0 1 0 0 0 0
0 1 0 0 0 1 1 0 0.753499985 0.753499985 0 0 0 0 0 0 1 0 0 0 1 1 0 0 0 8739 0 0 0.0096121002 1 0 0 0 1 0 0 0 0 0
0 1 0 0 0 1 1 0 0.00400000019 0.00400000019 0 0 0 0 0 0 1 0 0 0 1 1 0 0 0 8739 0 0 0.0096121002 1 0 0 0 0 1 0 0 0 0
0 1 0 0 0 1 1 0 0.998000026 0.998000026 0 0 0 0 0 0 1 0 0 0 1 1 0 0 0 8739 0 0 0.0096121002 1 0 0 0 0 1 0 0 0 0
0 1 0 0 0 1 1 0 0.999000013 0.999000013 0 0 0 0 0 0 1 0 0 0 1 1 0 0 0 8739 0 0 0.0096121002 1 0 0 0 0 1 0 0 0 0
0 1 0 0 0 1 1 0 0.00100000005 0.00100000005 0 0 0 0 0 0 1 0 0 0 1 1 0 0 0 8739 0 0 0.0096121002 1 0 0 0 0 1 0 0 0 0
0 1 0 0 0 1 1 0 0.2465 0.2465 0 0 0 0 0 0 1 0 0 0 1 1 0 0 0 8739 0 0 0.0096121002 1 0 0 0 0 1 0 0 0 0
0 1 0 0 0 1 1 0 0.00100000005 0.00100000005 0 0 0 0 0 0 1 0 0 0 1 1 0 0 0 8739 0 0 0.0096121002 1 0 0 0 0 1 0 0 0 0
0 1 0 0 0 1 1 0 0.995999992 0.995999992 0 0 0 0 0 0 1 0 0 0 1 1 0 0 0 8739 0 0 0.0096121002 1 0 0 0 1 0 0 0 0 0
0 1 0 0 0 1 1 0 0.00100000005 0.00100000005 0 0 0 0 0 0 1 0 0 0 1 1 0 0 0 8739 0 0 0.0096121002 1 0 0 0 0 1 0 0 0 0
0 1 0 0 0 1 1 0 0.00100000005 0.00100000005 0 0 0 0 0 0 1 0 0 0 1 1 0 0 0 8739 0 0 0.0096121002 1 0 0 0 0 1 0 0 0 0
0 1 0 0 0 1 1 0 0.2465 0.2465 0 0 0 0 0 0 1 0 0 0 1 1 0 0 0 8739 0 0 0.0096121002 1 0 0 0 0 1 0 0 0 0
0 1 0 0 0 1 1 0 0.00400000019 0.00400000019 0 0 0 0 0 0 1 0 0 0 1 1 0 0 0 8739 0 0 0.0096121002 1 0 0 0 1 0 0 0 0 0
0 1 0 0 0 1 1 0 0.998000026 0.998000026 0 0 0 0 0 0 1 0 0 0 1 1 0 0 0 8739 0 0 0.0096121002 1 0 0 0 0 1 0 0 0 0
0 1 0 0 0 1 1 0 0.998000026 0.998000026 0 0 0 0 0 0 1 0 0 0 1 1 0 0 0 8739 0 0 0.0096121002 1 0 0 0 0 1 0 0 0 0
0 1 0 0 0 1 1 0 0.753499985 0.753499985 0 0 0 0 0 0 1 0 0 0 1 1 0 0 0 8739 0 0 0.0096121002 1 0 0 0 0 1 0 0 0 0
0 1 0 0 0 1 1 0 0.753499985 0.753499985 0 0 0 0 0 0 1 0 0 0 1 1 0 0 0 8739 0 0 0.0096121002 1 0 0 0 1 0 0 0 0 0
0 1 0 0 0 1 1 0 0.753499985 0.753499985 0 0 0 0 0 0 1 0 0 0 1 1 0 0 0 8739 0 0 0.0096121002 1 0 0 0 1 0 0 0 0 0
0 1 0 0 0 1 1 0 0.999000013 0.999000013 0 0 0 0 0 0 1 0 0 0 1 1 0 0 0 8739 0 0 0.0096121002 1 0 0 0 0 1 0 0 0 0
0 1 0 0 0 1 1 0 0.00100000005 0.00100000005 0 0 0 0 0 0 1 0 0 0 1 1 0 0 0 8739 0 0 0.0096121002 1 0 0 0 0 1 0 0 0 0
0 1 0 0 0 1 1 0 0.00100000005 0.00100000005 0 0 0 0 0 0 1 0 0 0 1 1 0 0 0 8739 0 0 0.0096121002 1 0 0 0 0 1 0 0 0 0
0 1 0 0 0 1 1 0 0.998000026 0.998000026 0 0 0 0 0 0 1 0 0 0 1 1 0 0 0 8739 0 0 0.0096121002 1 0 0 0 0 1 0 0 0 0
0 1 0 0 0 1 1 0 0.2465 0.2465 0 0 0 0 0 0 1 0 0 0 1 1 0 0 0 8739 0 0 0.0096121002 1 0 0 0 1 0 0 0 0 0
0 1 0 0 0 1 1 0 0.998000026 0.998000026 0 0 0 0 0 0 1 0 0 0 1 1 0 0 0 8739 0 0 0.0096121002 1 0 0 0 0 1 0 0 0 0
0 1 0 0 0 1 1 0 0.998000026 0.998000026 0 0 0 0 0 0 1 0 0 0 1 1 0 0 0 8739 0 0 0.0096121002 1 0 0 0 0 1 0 0 0 0
0 1 0 0 0 1 1 0 0.00100000005 0.00100000005 0 0 0 0 0 0 1 0 0 0 1 1 0 0 0 8739 0 0 0.0096121002 1 0 0 0 0 1 0 0 0 0
0 1 0 0 0 1 1 0 0.995999992 0.995999992 0 0 0 0 0 0 1 0 0 0 1 1 0 0 0 8739 0 0 0.0096121002 1 0 0 0 0 1 0 0 0 0
0 1 0 0 0 1 1 0 0.2465 0.2465 0 0 0 0 0 0 1 0 0 0 1 1 0 0 0 8739 0 0 0.0096121002 1 0 0 0 1 0 0 0 0 0
0 1 0 0 0 1 1 0 0.999000013 0.999000013 0 0 0 0 0 0 1 0 0 0 1 1 0 0 0 8739 0 0 0.0096121002 1 0 0 0 0 1 0 0 0 0
0 1 0 0 0 1 1 0 0.999000013 0.999000013 0 0 0 0 0 0 1 0 0 0 1 1 0 0 0 8739 0 0 0.0096121002 1 0 0 0 0 1 0 0 0 0
0 1 0 0 0 1 1 0 0.999000013 0.999000013 0 0 0 0 0 0 1 0 0 0 1 1 0 0 0 8739 0 0 0.0096121002 1 0 0 0 1 0 0 0 0 0
0 1 0 0 0 1 1 0 0.999000013 0.999000013 0 0 0 0 0 0 1 0 0 0 1 1 0 0 0 8739 0 0 0.0096121002 1 0 0 0 0 1 0 0 0 0
0 1 0 0 0 1 1 0 0.00300000003 0.00300000003 0 0 0 0 0 0 1 0 0 0 1 1 0 0 0 8739 0 0 0.0096121002 1 0 0 0 0 1 0 0 0 0
